section 8B
0.000000 647104.061850 4185777.338411 380 25 25 -9.420000 9.420000
5.000000 647102.967407 4185782.217161 380 25 25 -9.420000 9.420000
10.000000 647101.872964 4185787.095910 22611 25 25 -7.780000 7.780000
15.000000 647100.778521 4185791.974659 22765 25 25 -6.700000 6.700000
20.000000 647099.684078 4185796.853409 12012 25 25 -5.250000 5.250000
25.000000 647098.589635 4185801.732158 12258 25 25 -5.210000 5.210000
30.000000 647097.495193 4185806.610907 12260 25 25 -5.370000 5.370000
35.000000 647096.400750 4185811.489656 12229 25 25 -5.310000 5.310000
40.000000 647095.306307 4185816.368406 12226 25 25 -3.240000 3.240000
45.000000 647094.211864 4185821.247155 20143 19 23 0.091400 2.356058
19 -0.085329 0.024021 1.000000
20 -0.108014 0.015937 0.500000
21 -0.227768 -0.016588 0.500000
22 -0.240037 -0.021388 0.356058
50.000000 647093.117421 4185826.125904 20081 18 23 0.521200 2.354395
18 -0.353868 -0.014851 0.500000
19 -0.483054 -0.041568 1.000000
20 -0.525520 -0.039025 0.500000
21 -0.530873 -0.035568 0.500000
22 -0.530011 -0.033157 0.354395
55.000000 647092.022978 4185831.004654 20082 18 23 0.566900 2.354010
18 -0.384402 -0.049293 0.500000
19 -0.558179 -0.076760 1.000000
20 -0.608574 -0.063512 0.500000
21 -0.615573 -0.053962 0.500000
22 -0.615030 -0.049336 0.354010
60.000000 647090.928535 4185835.883403 19824 18 23 0.929600 2.353864
18 -0.534498 -0.115589 0.500000
19 -0.650512 -0.109864 1.000000
20 -0.690957 -0.087816 0.500000
21 -0.703118 -0.075943 0.500000
22 -0.706927 -0.070112 0.353864
65.000000 647089.834092 4185840.762152 19817 17 23 1.380700 2.354200
17 -0.574147 -0.150222 0.500000
18 -0.654874 -0.150429 0.500000
19 -0.720088 -0.131407 1.000000
20 -0.747504 -0.108058 0.500000
21 -0.758057 -0.095366 0.500000
22 -0.762511 -0.088559 0.354200
70.000000 647088.739649 4185845.640901 19815 15 23 2.048300 2.354698
15 -0.438295 -0.126408 0.500000
16 -0.558680 -0.163346 0.500000
17 -0.625566 -0.166747 0.500000
18 -0.671445 -0.158890 0.500000
19 -0.724611 -0.141271 1.000000
20 -0.756408 -0.121739 0.500000
21 -0.771149 -0.110517 0.500000
22 -0.778289 -0.104131 0.354698
75.000000 647087.645206 4185850.519651 10629 14 23 2.566400 2.355846
14 -0.495301 -0.161573 0.500000
15 -0.565267 -0.170561 0.500000
16 -0.606291 -0.168407 0.500000
17 -0.640142 -0.162985 0.500000
18 -0.670382 -0.155619 0.500000
19 -0.711569 -0.142848 1.000000
20 -0.744104 -0.129103 0.500000
21 -0.762047 -0.120787 0.500000
22 -0.772148 -0.115800 0.355846
80.000000 647086.550763 4185855.398400 19807 14 23 2.697500 2.356460
14 -0.465100 -0.137157 0.500000
15 -0.532675 -0.149421 0.500000
16 -0.578376 -0.153288 0.500000
17 -0.616457 -0.152316 0.500000
18 -0.649356 -0.148318 0.500000
19 -0.691908 -0.139385 1.000000
20 -0.722400 -0.127711 0.500000
21 -0.738664 -0.120383 0.500000
22 -0.747687 -0.115893 0.356460
85.000000 647085.456320 4185860.277149 27308 18 23 0.920500 2.356758
18 -0.420609 -0.105722 0.500000
19 -0.553987 -0.142220 1.000000
20 -0.641761 -0.142406 0.500000
21 -0.686061 -0.141856 0.500000
22 -0.709409 -0.141403 0.356758
90.000000 647084.361877 4185865.155899 9385 20 23 -0.085300 2.357096
20 -0.361431 -0.086687 0.500000
21 -0.395246 -0.088051 0.500000
22 -0.417733 -0.089959 0.357096
95.000000 647083.267434 4185870.034648 10919 25 25 -3.600000 3.600000
100.000000 647082.172991 4185874.913397 10922 25 25 -6.600000 6.600000
105.000000 647081.078548 4185879.792146 27261 25 25 -8.130000 8.130000
110.000000 647079.984105 4185884.670896 27265 25 25 -8.390000 8.390000
115.000000 647078.889662 4185889.549645 1695 25 25 -99.990000 99.990000
120.000000 647077.795219 4185894.428394 1695 25 25 -99.990000 99.990000
section 7B
0.000000 647217.102754 4185745.536633 85 25 25 -9.420000 9.420000
5.000000 647220.466642 4185749.235856 85 25 25 -9.420000 9.420000
10.000000 647223.830531 4185752.935080 7666 25 25 -7.770000 7.770000
15.000000 647227.194419 4185756.634304 7667 25 25 -7.020000 7.020000
20.000000 647230.558307 4185760.333528 13031 25 25 -5.810000 5.810000
25.000000 647233.922195 4185764.032752 7716 25 25 -5.900000 5.900000
30.000000 647237.286083 4185767.731975 7701 25 25 -5.390000 5.390000
35.000000 647240.649971 4185771.431199 7702 25 25 -3.230000 3.230000
40.000000 647244.013859 4185775.130423 7732 23 23 -2.140000 2.371241
45.000000 647247.377748 4185778.829647 7796 18 23 0.844300 2.371714
18 -0.117475 0.088497 0.500000
19 -0.195633 0.139359 1.000000
20 -0.239143 0.172460 0.500000
21 -0.262470 0.188628 0.500000
22 -0.275994 0.197308 0.371714
50.000000 647250.741636 4185782.528870 7774 17 23 1.091200 2.371811
17 -0.185764 0.126217 0.500000
18 -0.239391 0.165402 0.500000
19 -0.300723 0.211766 1.000000
20 -0.341540 0.245073 0.500000
21 -0.361543 0.261693 0.500000
22 -0.371886 0.270238 0.371811
55.000000 647254.105524 4185786.228094 7798 18 23 0.984500 2.371886
18 -0.265875 0.170310 0.500000
19 -0.334264 0.223546 1.000000
20 -0.368472 0.253595 0.500000
21 -0.382653 0.266541 0.500000
22 -0.389011 0.272561 0.371886
60.000000 647257.469412 4185789.927318 7587 18 23 0.609600 2.371880
18 -0.346171 0.234699 0.500000
19 -0.423370 0.296124 1.000000
20 -0.435765 0.309076 0.500000
21 -0.438635 0.312987 0.500000
22 -0.439807 0.314794 0.371880
65.000000 647260.833300 4185793.626542 7583 18 23 0.865600 2.372558
18 -0.426564 0.295507 0.500000
19 -0.488672 0.352964 1.000000
20 -0.511584 0.378487 0.500000
21 -0.518809 0.387411 0.500000
22 -0.521273 0.390778 0.372558
70.000000 647264.197188 4185797.325766 7582 18 23 0.981500 2.372963
18 -0.457860 0.331978 0.500000
19 -0.526446 0.398398 1.000000
20 -0.557592 0.431464 0.500000
21 -0.569246 0.444428 0.500000
22 -0.573987 0.449932 0.372963
75.000000 647267.561076 4185801.024989 12740 18 23 0.947900 2.373186
18 -0.474729 0.356232 0.500000
19 -0.546653 0.425549 1.000000
20 -0.584032 0.464025 0.500000
21 -0.600287 0.481136 0.500000
22 -0.608027 0.489414 0.373186
80.000000 647270.924964 4185804.724213 7541 17 23 1.021100 2.373626
17 -0.394552 0.299918 0.500000
18 -0.485955 0.378413 0.500000
19 -0.557936 0.446222 1.000000
20 -0.597252 0.485939 0.500000
21 -0.615350 0.504586 0.500000
22 -0.624465 0.514095 0.373626
85.000000 647274.288853 4185808.423437 12710 17 23 1.463000 2.374254
17 -0.424388 0.334385 0.500000
18 -0.497814 0.402098 0.500000
19 -0.562211 0.465430 1.000000
20 -0.596830 0.501599 0.500000
21 -0.612652 0.518434 0.500000
22 -0.620699 0.527089 0.374254
90.000000 647277.652741 4185812.122661 7572 17 23 1.463000 2.374700
17 -0.418448 0.340748 0.500000
18 -0.499340 0.416109 0.500000
19 -0.567491 0.483215 1.000000
20 -0.601126 0.518629 0.500000
21 -0.615940 0.534607 0.500000
22 -0.623328 0.542690 0.374700
95.000000 647281.016629 4185815.821885 12717 17 23 1.484400 2.374795
17 -0.435786 0.369901 0.500000
18 -0.507261 0.437259 0.500000
19 -0.567396 0.497178 1.000000
20 -0.599473 0.531062 0.500000
21 -0.614230 0.546932 0.500000
22 -0.621816 0.555172 0.374795
100.000000 647284.380517 4185819.521108 7555 17 23 1.484400 2.375076
17 -0.441180 0.383998 0.500000
18 -0.513763 0.453948 0.500000
19 -0.576812 0.517313 1.000000
20 -0.610551 0.552927 0.500000
21 -0.625922 0.569428 0.500000
22 -0.633720 0.577889 0.375076
105.000000 647287.744405 4185823.220332 7557 17 23 1.469100 2.375650
17 -0.438386 0.393116 0.500000
18 -0.511871 0.464291 0.500000
19 -0.577073 0.529809 1.000000
20 -0.610723 0.565416 0.500000
21 -0.625579 0.581463 0.500000
22 -0.632927 0.589509 0.375650
110.000000 647291.108293 4185826.919556 7458 16 23 1.542300 2.375758
16 -0.302419 0.291592 0.500000
17 -0.399307 0.386031 0.500000
18 -0.465528 0.449903 0.500000
19 -0.525538 0.509350 1.000000
20 -0.556831 0.541882 0.500000
21 -0.570712 0.556600 0.500000
22 -0.577612 0.564005 0.375758
115.000000 647294.472181 4185830.618780 7457 17 23 1.225300 2.375688
17 -0.370632 0.370969 0.500000
18 -0.433721 0.433002 0.500000
19 -0.491005 0.490160 1.000000
20 -0.522069 0.522285 0.500000
21 -0.535922 0.536831 0.500000
22 -0.542753 0.544081 0.375688
120.000000 647297.836070 4185834.318004 7449 17 23 1.158200 2.375539
17 -0.340549 0.347624 0.500000
18 -0.404596 0.411173 0.500000
19 -0.465338 0.471845 1.000000
20 -0.495854 0.503825 0.500000
21 -0.508705 0.517666 0.500000
22 -0.514765 0.524333 0.375539
125.000000 647301.199958 4185838.017227 7450 16 23 1.514900 2.375394
16 -0.262863 0.270034 0.500000
17 -0.324239 0.332550 0.500000
18 -0.364313 0.374359 0.500000
19 -0.411505 0.423093 1.000000
20 -0.441318 0.454234 0.500000
21 -0.455691 0.469497 0.500000
22 -0.463230 0.477566 0.375394
130.000000 647304.563846 4185841.716451 7435 16 23 1.780000 2.375553
16 -0.225175 0.230270 0.500000
17 -0.274455 0.280172 0.500000
18 -0.311834 0.318343 0.500000
19 -0.357305 0.365584 1.000000
20 -0.386003 0.396063 0.500000
21 -0.399707 0.411058 0.500000
22 -0.406819 0.418998 0.375553
135.000000 647307.927734 4185845.415675 7433 16 23 1.950700 2.375628
16 -0.186866 0.187078 0.500000
17 -0.230198 0.229103 0.500000
18 -0.262722 0.262359 0.500000
19 -0.301813 0.304144 1.000000
20 -0.327081 0.332626 0.500000
21 -0.339540 0.346995 0.500000
22 -0.346203 0.354721 0.375628
140.000000 647311.291622 4185849.114899 7412 16 23 1.752600 2.375539
16 -0.151101 0.137316 0.500000
17 -0.182827 0.165404 0.500000
18 -0.200497 0.205127 0.500000
19 -0.235719 0.240450 1.000000
20 -0.260560 0.267580 0.500000
21 -0.273382 0.281970 0.500000
22 -0.280456 0.289956 0.375539
145.000000 647314.655510 4185852.814122 7414 20 23 -0.420000 2.375082
20 -0.056201 0.063103 0.500000
21 -0.074199 0.090377 0.500000
22 -0.086068 0.101044 0.375082
150.000000 647318.019398 4185856.513346 7419 22 23 -1.780000 2.375001
22 -0.019679 0.024454 0.375001
155.000000 647321.383286 4185860.212570 88638 25 25 -4.620000 4.620000
160.000000 647324.747175 4185863.911794 88644 25 25 -6.330000 6.330000
165.000000 647328.111063 4185867.611018 9135 25 25 -7.940000 7.940000
170.000000 647331.474951 4185871.310241 8514 25 25 -9.120000 9.120000
175.000000 647334.838839 4185875.009465 4330 25 25 -9.410000 9.410000
section 9B
0.000000 647411.536888 4185945.628753 3320 25 25 -99.990000 99.990000
5.000000 647407.943877 4185949.105861 3320 25 25 -99.990000 99.990000
10.000000 647404.350866 4185952.582968 80294 25 25 -88.570600 88.570600
15.000000 647400.757856 4185956.060075 80296 25 25 -9.290000 9.290000
20.000000 647397.164845 4185959.537182 79583 25 25 -9.080000 9.080000
25.000000 647393.571834 4185963.014289 80314 25 25 -7.830000 7.830000
30.000000 647389.978823 4185966.491396 67101 25 25 -6.330000 6.330000
35.000000 647386.385813 4185969.968503 80320 25 25 -4.930000 4.930000
40.000000 647382.792802 4185973.445611 80322 24 24 -2.600000 2.600000
45.000000 647379.199791 4185976.922718 64817 21 23 -1.180000 2.360348
21 0.079829 0.065063 0.500000
22 0.093207 0.072988 0.360348
50.000000 647375.606781 4185980.399825 64819 20 23 -0.660000 2.360283
20 0.156233 0.121748 0.500000
21 0.190780 0.141893 0.500000
22 0.208951 0.150885 0.360283
55.000000 647372.013770 4185983.876932 67130 20 23 -0.189000 2.360126
20 0.257243 0.189689 0.500000
21 0.282552 0.201430 0.500000
22 0.293636 0.206302 0.360126
60.000000 647368.420759 4185987.354039 80435 19 23 0.115800 2.360029
19 0.279898 0.206637 1.000000
20 0.343446 0.244862 0.500000
21 0.366466 0.257933 0.500000
22 0.375031 0.262898 0.360029
65.000000 647364.827748 4185990.831146 80351 19 23 0.323100 2.359664
19 0.375891 0.273772 1.000000
20 0.422739 0.302587 0.500000
21 0.435844 0.310950 0.500000
22 0.439404 0.313491 0.359664
70.000000 647361.234738 4185994.308253 80352 18 23 0.853400 2.359280
18 0.390491 0.296924 0.500000
19 0.461315 0.338685 1.000000
20 0.474851 0.346290 0.500000
21 0.476875 0.348290 0.500000
22 0.477171 0.349355 0.359280
75.000000 647357.641727 4185997.785361 80357 17 23 1.228300 2.359223
17 0.423362 0.331036 0.500000
18 0.482845 0.368197 0.500000
19 0.500674 0.374841 1.000000
20 0.499179 0.375463 0.500000
21 0.497304 0.376235 0.500000
22 0.495816 0.376677 0.359223
80.000000 647354.048716 4186001.262468 80358 16 23 1.725200 2.359250
16 0.426604 0.342881 0.500000
17 0.495910 0.390294 0.500000
18 0.510690 0.396049 0.500000
19 0.512788 0.396478 1.000000
20 0.506901 0.394948 0.500000
21 0.502640 0.394005 0.500000
22 0.499641 0.393368 0.359250
85.000000 647350.455706 4186004.739575 80361 16 23 1.938500 2.359357
16 0.479905 0.406544 0.500000
17 0.508407 0.425167 0.500000
18 0.513461 0.426432 0.500000
19 0.514559 0.425933 1.000000
20 0.512974 0.426349 0.500000
21 0.511306 0.426601 0.500000
22 0.509799 0.426674 0.359357
90.000000 647346.862695 4186008.216682 80414 16 23 1.956800 2.358992
16 0.348689 0.369396 0.500000
17 0.373976 0.389348 0.500000
18 0.382478 0.392490 0.500000
19 0.391947 0.394406 1.000000
20 0.400981 0.396409 0.500000
21 0.406195 0.397916 0.500000
22 0.409246 0.399012 0.358992
95.000000 647343.269684 4186011.693789 65892 16 23 1.932400 2.358939
16 0.255162 0.307911 0.500000
17 0.275880 0.326248 0.500000
18 0.286710 0.332886 0.500000
19 0.299324 0.339299 1.000000
20 0.310678 0.344561 0.500000
21 0.317227 0.347874 0.500000
22 0.321078 0.350011 0.358939
100.000000 647339.676673 4186015.170896 65748 16 23 1.585000 2.358630
16 0.191485 0.225295 0.500000
17 0.224111 0.290739 0.500000
18 0.244749 0.315004 0.500000
19 0.267629 0.334483 1.000000
20 0.286407 0.347576 0.500000
21 0.296828 0.354688 0.500000
22 0.302742 0.358702 0.358630
105.000000 647336.083663 4186018.648003 65729 18 23 0.795500 2.358194
18 0.096999 0.136072 0.500000
19 0.108467 0.146511 1.000000
20 0.110891 0.145458 0.500000
21 0.110591 0.153773 0.500000
22 0.106571 0.166385 0.358194
110.000000 647332.490652 4186022.125110 74964 22 23 -1.960000 2.357464
22 -0.000272 0.028252 0.357464
115.000000 647328.897641 4186025.602218 65615 25 25 -5.450000 5.450000
120.000000 647325.304631 4186029.079325 81433 25 25 -6.600000 6.600000
125.000000 647321.711620 4186032.556432 65619 25 25 -6.740000 6.740000
130.000000 647318.118609 4186036.033539 65571 25 25 -7.790000 7.790000
135.000000 647314.525599 4186039.510646 81119 25 25 -99.990000 99.990000
140.000000 647310.932588 4186042.987753 73199 25 25 -99.990000 99.990000
145.000000 647307.339577 4186046.464860 72543 25 25 -99.990000 99.990000
150.000000 647303.746566 4186049.941968 65964 25 25 -99.990000 99.990000
155.000000 647300.153556 4186053.419075 3910 25 25 -99.990000 99.990000
160.000000 647296.560545 4186056.896182 3910 25 25 -99.990000 99.990000
section 6B
0.000000 647253.961670 4185708.575096 6070 25 25 -9.310000 9.310000
5.000000 647257.282902 4185712.312664 6070 25 25 -9.310000 9.310000
10.000000 647260.604134 4185716.050233 6070 25 25 -9.310000 9.310000
15.000000 647263.925366 4185719.787802 111008 25 25 -9.400000 9.400000
20.000000 647267.246598 4185723.525370 112628 25 25 -8.020000 8.020000
25.000000 647270.567830 4185727.262939 112867 25 25 -6.280000 6.280000
30.000000 647273.889062 4185731.000507 108450 25 25 -5.630000 5.630000
35.000000 647277.210293 4185734.738076 110968 25 25 -5.670000 5.670000
40.000000 647280.531525 4185738.475645 111044 25 25 -4.430000 4.430000
45.000000 647283.852757 4185742.213213 112943 25 25 -3.270000 3.270000
50.000000 647287.173989 4185745.950782 108503 20 23 -0.225600 2.373458
20 -0.015589 0.006907 0.500000
21 -0.043980 0.023402 0.500000
22 -0.054405 0.031034 0.373458
55.000000 647290.495221 4185749.688350 108505 20 23 -0.225600 2.373560
20 -0.247261 0.196936 0.500000
21 -0.273814 0.212180 0.500000
22 -0.283967 0.219839 0.373560
60.000000 647293.816453 4185753.425919 110954 17 23 1.298500 2.374110
17 -0.240675 0.194539 0.500000
18 -0.289181 0.219972 0.500000
19 -0.328114 0.253775 1.000000
20 -0.348816 0.273798 0.500000
21 -0.357918 0.282962 0.500000
22 -0.362345 0.287566 0.374110
65.000000 647297.137684 4185757.163488 110951 17 23 1.456900 2.374328
17 -0.302483 0.229318 0.500000
18 -0.331862 0.256803 0.500000
19 -0.353415 0.279529 1.000000
20 -0.364193 0.292185 0.500000
21 -0.369213 0.298204 0.500000
22 -0.371864 0.301398 0.374328
70.000000 647300.458916 4185760.901056 107058 17 23 1.310600 2.374608
17 -0.341317 0.261455 0.500000
18 -0.382185 0.300926 0.500000
19 -0.409628 0.330075 1.000000
20 -0.419808 0.342420 0.500000
21 -0.423808 0.347608 0.500000
22 -0.425801 0.350167 0.374608
75.000000 647303.780148 4185764.638625 110952 16 23 1.508800 2.375676
16 -0.352958 0.268624 0.500000
17 -0.426008 0.338789 0.500000
18 -0.475303 0.388385 0.500000
19 -0.527322 0.441947 1.000000
20 -0.552783 0.468829 0.500000
21 -0.563176 0.479904 0.500000
22 -0.567957 0.485021 0.375676
80.000000 647307.101380 4185768.376193 110300 16 23 1.521000 2.375849
16 -0.379536 0.302491 0.500000
17 -0.459429 0.379629 0.500000
18 -0.509263 0.430536 0.500000
19 -0.564343 0.487901 1.000000
20 -0.593732 0.518760 0.500000
21 -0.606263 0.531899 0.500000
22 -0.612163 0.538064 0.375849
85.000000 647310.422612 4185772.113762 114736 17 23 1.392900 2.375836
17 -0.471520 0.405391 0.500000
18 -0.525239 0.459113 0.500000
19 -0.584070 0.519552 1.000000
20 -0.617401 0.554095 0.500000
21 -0.632187 0.569385 0.500000
22 -0.639359 0.576772 0.375836
90.000000 647313.743844 4185775.851331 112910 17 23 1.362500 2.375728
17 -0.463194 0.412450 0.500000
18 -0.513337 0.462597 0.500000
19 -0.567932 0.518857 1.000000
20 -0.600922 0.553241 0.500000
21 -0.616379 0.569345 0.500000
22 -0.624251 0.577527 0.375728
95.000000 647317.065076 4185779.588899 114250 17 23 1.392900 2.375667
17 -0.471229 0.429230 0.500000
18 -0.521533 0.480098 0.500000
19 -0.572588 0.533622 1.000000
20 -0.603288 0.566281 0.500000
21 -0.617786 0.581713 0.500000
22 -0.625254 0.589647 0.375667
100.000000 647320.386307 4185783.326468 109207 16 23 1.612400 2.375791
16 -0.369719 0.334428 0.500000
17 -0.489146 0.452671 0.500000
18 -0.545778 0.511654 0.500000
19 -0.597175 0.567171 1.000000
20 -0.626204 0.598929 0.500000
21 -0.639449 0.613416 0.500000
22 -0.646088 0.620656 0.375791
105.000000 647323.707539 4185787.064036 108923 16 23 1.618500 2.376300
16 -0.407443 0.376082 0.500000
17 -0.496241 0.467648 0.500000
18 -0.541948 0.516939 0.500000
19 -0.587128 0.566832 1.000000
20 -0.613160 0.595669 0.500000
21 -0.625128 0.608858 0.500000
22 -0.631166 0.615465 0.376300
110.000000 647327.028771 4185790.801605 108921 16 23 1.667300 2.376545
16 -0.399264 0.384405 0.500000
17 -0.471456 0.458356 0.500000
18 -0.512700 0.502426 0.500000
19 -0.554578 0.548477 1.000000
20 -0.579721 0.576080 0.500000
21 -0.591674 0.589070 0.500000
22 -0.597892 0.595750 0.376545
115.000000 647330.350003 4185794.539174 108764 16 23 1.661200 2.376429
16 -0.362746 0.359402 0.500000
17 -0.434760 0.432319 0.500000
18 -0.477846 0.477494 0.500000
19 -0.521252 0.524428 1.000000
20 -0.545573 0.551054 0.500000
21 -0.556624 0.563105 0.500000
22 -0.562169 0.569103 0.376429
120.000000 647333.671235 4185798.276742 108896 16 23 1.649000 2.376232
16 -0.345553 0.344329 0.500000
17 -0.413965 0.414106 0.500000
18 -0.453939 0.456935 0.500000
19 -0.493357 0.500588 1.000000
20 -0.513891 0.523867 0.500000
21 -0.522620 0.533783 0.500000
22 -0.526706 0.538410 0.376232
125.000000 647336.992467 4185802.014311 108955 17 23 1.356400 2.375890
17 -0.362945 0.361407 0.500000
18 -0.415721 0.417585 0.500000
19 -0.457965 0.465115 1.000000
20 -0.477633 0.488090 0.500000
21 -0.485452 0.497325 0.500000
22 -0.488892 0.501418 0.375890
130.000000 647340.313698 4185805.751879 108957 18 23 0.966200 2.375957
18 -0.358908 0.354478 0.500000
19 -0.407295 0.410053 1.000000
20 -0.425999 0.433149 0.500000
21 -0.433259 0.442294 0.500000
22 -0.436596 0.446517 0.375957
135.000000 647343.634930 4185809.489448 114731 18 23 0.981500 2.376546
18 -0.238049 0.239220 0.500000
19 -0.271298 0.281249 1.000000
20 -0.288669 0.304130 0.500000
21 -0.297103 0.315323 0.500000
22 -0.301659 0.321391 0.376546
140.000000 647346.956162 4185813.227017 112527 18 23 0.539500 2.376446
18 -0.146007 0.148224 0.500000
19 -0.190725 0.211608 1.000000
20 -0.212418 0.236801 0.500000
21 -0.221737 0.248574 0.500000
22 -0.226195 0.254551 0.376446
145.000000 647350.277394 4185816.964585 115381 20 23 -0.220000 2.376373
20 -0.110053 0.120869 0.500000
21 -0.125316 0.135741 0.500000
22 -0.133966 0.154215 0.376373
150.000000 647353.598626 4185820.702154 107166 22 23 -1.530000 2.376468
22 -0.028805 0.035263 0.376468
155.000000 647356.919858 4185824.439722 107149 25 25 -4.420000 4.420000
160.000000 647360.241089 4185828.177291 107389 25 25 -5.930000 5.930000
165.000000 647363.562321 4185831.914860 107282 25 25 -7.470000 7.470000
170.000000 647366.883553 4185835.652428 5821 25 25 -9.290000 9.290000
175.000000 647370.204785 4185839.389997 5821 25 25 -9.290000 9.290000
section 5B
0.000000 647299.172879 4185671.522301 6014 25 25 -9.420000 9.420000
5.000000 647302.346178 4185675.386259 6014 25 25 -9.420000 9.420000
10.000000 647305.519477 4185679.250218 6014 25 25 -9.420000 9.420000
15.000000 647308.692776 4185683.114176 109848 25 25 -9.410000 9.410000
20.000000 647311.866075 4185686.978134 110093 25 25 -7.730000 7.730000
25.000000 647315.039374 4185690.842092 110097 25 25 -7.020000 7.020000
30.000000 647318.212673 4185694.706051 110100 25 25 -5.860000 5.860000
35.000000 647321.385972 4185698.570009 110549 25 25 -5.130000 5.130000
40.000000 647324.559271 4185702.433967 111416 25 25 -4.460000 4.460000
45.000000 647327.732570 4185706.297925 109872 25 25 -3.320000 3.320000
50.000000 647330.905869 4185710.161883 110038 22 23 -1.840000 2.375450
22 -0.047867 0.061129 0.375450
55.000000 647334.079168 4185714.025842 110047 19 23 0.313900 2.375579
19 -0.259812 0.219699 1.000000
20 -0.295180 0.253808 0.500000
21 -0.308731 0.268771 0.500000
22 -0.315636 0.276586 0.375579
60.000000 647337.252467 4185717.889800 110045 17 23 1.237500 2.375622
17 -0.253813 0.209646 0.500000
18 -0.279901 0.241909 0.500000
19 -0.307602 0.271360 1.000000
20 -0.326342 0.291491 0.500000
21 -0.336140 0.301972 0.500000
22 -0.341655 0.307838 0.375622
65.000000 647340.425766 4185721.753758 110153 16 23 1.551400 2.375672
16 -0.240725 0.196693 0.500000
17 -0.283167 0.237397 0.500000
18 -0.304230 0.259852 0.500000
19 -0.326949 0.284202 1.000000
20 -0.342791 0.301055 0.500000
21 -0.351093 0.309849 0.500000
22 -0.355773 0.314802 0.375672
70.000000 647343.599065 4185725.617716 109886 16 23 1.938500 2.375858
16 -0.332172 0.271103 0.500000
17 -0.360036 0.301378 0.500000
18 -0.375456 0.319809 0.500000
19 -0.392781 0.339936 1.000000
20 -0.405854 0.353872 0.500000
21 -0.412870 0.361200 0.500000
22 -0.416878 0.365364 0.375858
75.000000 647346.772364 4185729.481675 110405 16 23 1.847100 2.376117
16 -0.463401 0.391669 0.500000
17 -0.507686 0.438607 0.500000
18 -0.534500 0.468072 0.500000
19 -0.563649 0.499428 1.000000
20 -0.581093 0.517190 0.500000
21 -0.589374 0.525423 0.500000
22 -0.593727 0.529684 0.376117
80.000000 647349.945663 4185733.345633 110391 16 23 1.801400 2.376401
16 -0.489227 0.433753 0.500000
17 -0.546394 0.492214 0.500000
18 -0.575849 0.524310 0.500000
19 -0.604203 0.555697 1.000000
20 -0.620095 0.572281 0.500000
21 -0.627396 0.579629 0.500000
22 -0.631159 0.583300 0.376401
85.000000 647353.118962 4185737.209591 110380 16 23 1.697700 2.376452
16 -0.476838 0.441846 0.500000
17 -0.542375 0.507944 0.500000
18 -0.576170 0.543450 0.500000
19 -0.611256 0.580090 1.000000
20 -0.631957 0.600522 0.500000
21 -0.641528 0.609684 0.500000
22 -0.646390 0.614220 0.376452
90.000000 647356.292261 4185741.073549 115207 16 23 1.719100 2.377033
16 -0.442952 0.430410 0.500000
17 -0.511437 0.500661 0.500000
18 -0.547651 0.538467 0.500000
19 -0.584691 0.576812 1.000000
20 -0.607694 0.599542 0.500000
21 -0.618880 0.610314 0.500000
22 -0.624813 0.615898 0.377033
95.000000 647359.465560 4185744.937508 117142 16 23 1.606300 2.376920
16 -0.423593 0.448597 0.500000
17 -0.511342 0.538863 0.500000
18 -0.550030 0.579189 0.500000
19 -0.590593 0.620390 1.000000
20 -0.615807 0.644435 0.500000
21 -0.627796 0.655481 0.500000
22 -0.633994 0.661014 0.376920
100.000000 647362.638859 4185748.801466 125251 16 23 1.728200 2.377188
16 -0.449928 0.479384 0.500000
17 -0.514994 0.551879 0.500000
18 -0.551153 0.590933 0.500000
19 -0.587808 0.629405 1.000000
20 -0.608314 0.648759 0.500000
21 -0.617162 0.656532 0.500000
22 -0.621310 0.659910 0.377188
105.000000 647365.812158 4185752.665424 110388 16 23 1.630700 2.377299
16 -0.409015 0.444580 0.500000
17 -0.478794 0.520681 0.500000
18 -0.519328 0.563999 0.500000
19 -0.560795 0.607285 1.000000
20 -0.581131 0.626262 0.500000
21 -0.588759 0.632684 0.500000
22 -0.591805 0.634891 0.377299
110.000000 647368.985457 4185756.529382 109255 16 23 1.740400 2.377725
16 -0.382738 0.412943 0.500000
17 -0.440336 0.477328 0.500000
18 -0.478258 0.518560 0.500000
19 -0.520801 0.563475 1.000000
20 -0.542139 0.583670 0.500000
21 -0.550200 0.590559 0.500000
22 -0.553404 0.592919 0.377725
115.000000 647372.158756 4185760.393341 108719 16 23 1.825800 2.378231
16 -0.367182 0.394589 0.500000
17 -0.411764 0.445517 0.500000
18 -0.442957 0.480777 0.500000
19 -0.477540 0.519337 1.000000
20 -0.492512 0.534545 0.500000
21 -0.497468 0.538996 0.500000
22 -0.499127 0.540141 0.378231
120.000000 647375.332055 4185764.257299 109260 15 23 2.002500 2.378664
15 -0.282100 0.304057 0.500000
16 -0.336001 0.367166 0.500000
17 -0.372493 0.408979 0.500000
18 -0.400295 0.440721 0.500000
19 -0.431188 0.476015 1.000000
20 -0.441835 0.488165 0.500000
21 -0.444164 0.490839 0.500000
22 -0.444232 0.490929 0.378664
125.000000 647378.505355 4185768.121257 109275 16 23 1.859300 2.378539
16 -0.206115 0.220726 0.500000
17 -0.233991 0.254107 0.500000
18 -0.253834 0.278611 0.500000
19 -0.278256 0.309038 1.000000
20 -0.294761 0.329740 0.500000
21 -0.303062 0.340142 0.500000
22 -0.307564 0.345776 0.378539
130.000000 647381.678654 4185771.985215 109341 16 23 1.688600 2.378640
16 -0.125162 0.123000 0.500000
17 -0.156306 0.153823 0.500000
18 -0.170691 0.197392 0.500000
19 -0.199114 0.230132 1.000000
20 -0.218734 0.253553 0.500000
21 -0.228719 0.265666 0.500000
22 -0.234254 0.272467 0.378640
135.000000 647384.851953 4185775.849173 109287 19 23 0.216400 2.378265
19 -0.144381 0.170064 1.000000
20 -0.165975 0.196560 0.500000
21 -0.174919 0.212621 0.500000
22 -0.179364 0.220503 0.378265
140.000000 647388.025252 4185779.713132 112597 20 23 -0.670000 2.378102
20 -0.063783 0.076430 0.500000
21 -0.081177 0.111328 0.500000
22 -0.093877 0.128034 0.378102
145.000000 647391.198551 4185783.577090 108688 22 23 -1.590000 2.378052
22 -0.010905 0.025509 0.378052
150.000000 647394.371850 4185787.441048 108811 25 25 -5.920000 5.920000
155.000000 647397.545149 4185791.305006 108815 25 25 -7.020000 7.020000
160.000000 647400.718448 4185795.168965 108855 25 25 -8.400000 8.400000
165.000000 647403.891747 4185799.032923 111348 25 25 -9.220000 9.220000
170.000000 647407.065046 4185802.896881 5916 25 25 -9.310000 9.310000
175.000000 647410.238345 4185806.760839 5916 25 25 -9.310000 9.310000
180.000000 647413.411644 4185810.624798 5916 25 25 -9.310000 9.310000
