SJU01 11:40
 1217
 1543
 1820
 2105
 2327
 2605
 2857
 3149

SJU02 12:29
 4947
 5217
 5452
 5702
 5923
 0119

SJU03 12:55
 3624
 3855
 4126
 4402
 4632
 4952

SJU04
 5430
 5844
 0122
 0350
 0616
 0844

SJU05
 1325
 1607
 1909
 2138
 2352
 2649

SJU06
 3129
 3447
 3740
 4048
 4340
 4644

SJU07
 5208
 5440
 5708
 5928
 0215
 0620

JCT
 1041
 1506
 1756
 2026
 2259
 2522

SJD1
 2929
 3200
 3424
 3627
 3829
 4033

SJD2
 4358
 4556
 4754
 4932
 5115
 5313

SJD3
 5857
 0055
 0233
 0414
 0534
 0706

OR1
 1016
 1222
 1351
 1524
 1657
 1838

Finish 15:38

